,Hari,Skor
0,1,-0.5117691932998161
1,2,0.48282500846894627
2,3,0.3661945425387637
3,4,0.4589394903550953
4,5,0.4593397231850228
5,6,0.5529945169900462
6,7,0.566193286337323
7,8,0.552915360973661
8,9,0.5665771561925295
9,10,0.5525907191828492
10,11,0.5446527950782576
11,12,0.5430534349754477
12,13,0.551466431611744
13,14,0.5540325915576623
14,15,0.5771025789315964
15,16,0.5583499611352647
16,17,0.6132261635768363
17,18,0.5773500486621745
18,19,0.6469983581549087
19,20,0.6027660535555162
20,21,0.70957422607276
21,22,0.7106250740287049
22,23,0.8009781403051738
23,24,0.7454605479752631
24,25,0.7371685215924776
25,26,0.8231071430115563
26,27,0.822725970957505
27,28,0.8306144593786482
28,29,0.859967947879007
29,30,0.825599731945778
30,31,0.8969438124226953
31,32,0.8874387601322322
32,33,0.8814241857018774
33,34,0.8758846492746125
34,35,0.8759829875420004
35,36,0.883663022839974
36,37,0.8865856476508633
37,38,0.8763171375900979
38,39,0.883693324742366
39,40,0.8671906356030568
40,41,0.8872233707674841
41,42,0.8701844360283376
42,43,0.8865300661940848
43,44,0.8726428139083269
44,45,0.8687906322714842
45,46,0.8769331923774211
46,47,0.8753061705708393
47,48,0.8668657218152712
48,49,0.8661097152635946
49,50,0.8691704855500869
50,51,0.8728902923183973
51,52,0.8692584904791563
52,53,0.8737732784825961
53,54,0.8785463383686548
54,55,0.874081944569881
55,56,0.8739179339468307
56,57,0.8832745642570231
57,58,0.8850210535131561
58,59,0.8798367009285025
59,60,0.8854970564868407
60,61,0.8868810464781548
61,62,0.8866470484754816
62,63,0.8838672566191708
63,64,0.8840553456548004
64,65,0.8847900604911327
65,66,0.8848353230091024
66,67,0.9092230710327123
67,68,0.8950051899201021
68,69,0.9117839948615751
69,70,0.9084085949460091
70,71,0.8900059883434823
71,72,0.9145190021857077
72,73,0.9118499201984712
73,74,0.911265728177801
74,75,0.9132876612213581
75,76,0.9131143043562202
76,77,0.9158076092043261
77,78,0.9159998735580452
78,79,0.9158828943191326
79,80,0.9149099064049016
80,81,0.9171024829345324
81,82,0.9160667597435588
82,83,0.9163091567093511
83,84,0.9171225625725494
84,85,0.9186270241697844
85,86,0.9198750284212505
86,87,0.919904483582529
87,88,0.921887805209363
88,89,0.9182388365581814
89,90,0.9169301011965745
90,91,0.921932524410142
91,92,0.9226854156335773
92,93,0.9216777273252132
93,94,0.9286785229232792
94,95,0.9211466955645506
95,96,0.9236414631292772
96,97,0.9225891066134505
97,98,0.9356940055936254
98,99,0.9432479465736485
99,100,0.9437516860031405
100,101,0.942840196404179
101,102,0.9456931477006396
102,103,0.9363354997146057
103,104,0.9363961522860442
104,105,0.9459962462062614
105,106,0.9461955169018585
106,107,0.9572656371406523
107,108,0.9609182304387073
108,109,0.961147879981993
109,110,0.9514537796402602
110,111,0.962124486419634
111,112,0.9581840618797828
112,113,0.9523538300118656
113,114,0.9612189732188546
114,115,0.9623196463321669
115,116,0.962141074741343
116,117,0.9634020097198417
117,118,0.9619329030798678
118,119,0.9628263597685283
119,120,0.9648508876760414
120,121,0.9686797910840882
121,122,0.9650514238489343
122,123,0.9649615975605811
123,124,0.9690236632471533
124,125,0.9680355194656548
125,126,0.9663535956245186
126,127,0.9693617111075165
127,128,0.9693918066824626
128,129,0.9736887023136983
129,130,0.9680529417738766
130,131,0.9709143042798887
131,132,0.9730603716554471
132,133,0.9724659803672235
133,134,0.9686344090459643
134,135,0.9712463156091428
135,136,0.9738738763503404
136,137,0.9737858862225834
137,138,0.9694687432048782
138,139,0.9659351881948883
139,140,0.9670893763989347
140,141,0.9696544274005198
141,142,0.9696380837308469
142,143,0.9685249216509563
143,144,0.9656606775604789
144,145,0.9649007274650789
145,146,0.9629967594422125
146,147,0.965100529820094
147,148,0.9601914541790887
148,149,0.9693144306318505
149,150,0.9564920142595943
150,151,0.9649358562466317
151,152,0.9532741719814423
152,153,0.9605785178998315
153,154,0.9667617714745906
154,155,0.962242549916811
155,156,0.9623049726497325
156,157,0.9679633172584545
157,158,0.9620772202329677
158,159,0.9556712905587293
159,160,0.95510880512378
160,161,0.9517821198715308
161,162,0.9508287055967424
162,163,0.9601829302959242
163,164,0.963126324031503
164,165,0.959649330956994
165,166,0.9522449498286458
166,167,0.9617598234080549
167,168,0.9654309073597304
168,169,0.9670194205385894
169,170,0.9704504106994403
170,171,0.9663754424414053
171,172,0.9576144546348285
172,173,0.9573950534241291
173,174,0.9646809261177982
174,175,0.9651362526561413
175,176,0.9674091874616354
176,177,0.9676776934995
177,178,0.960575303866778
178,179,0.9669122805602974
179,180,0.9596002240034069
180,181,0.9700502807053631
181,182,0.9649362043391635
182,183,0.9595128623678989
183,184,0.9672395950168479
184,185,0.967657579666239
185,186,0.9616854894301435
186,187,0.9657625003465821
187,188,0.9543123874061342
188,189,0.9505497127407762
189,190,0.9663147223835427
190,191,0.9630226095981318
191,192,0.9694907242481521
192,193,0.9615978014374141
193,194,0.9651368021721731
194,195,0.9614785411916685
195,196,0.9676593093763581
196,197,0.9588964551732574
197,198,0.9649099914895791
198,199,0.9618345105262397
199,200,0.9563503769806174
200,201,0.9680480586852684
201,202,0.9610267711997158
202,203,0.9655045382190897
203,204,0.9661960896063907
204,205,0.9671048970507032
205,206,0.9629600154824683
206,207,0.9682567638480003
207,208,0.9617814164932821
208,209,0.964169634530729
209,210,0.9670906581215396
210,211,0.9611212978497495
211,212,0.9615023104045164
212,213,0.9575781286011452
213,214,0.9628476869947851
214,215,0.9613878603023153
215,216,0.9604024373560563
216,217,0.9540903019731144
217,218,0.9608200365956837
218,219,0.9617664776180296
219,220,0.9518837831449034
220,221,0.9667671176440699
221,222,0.9679081479092009
222,223,0.9642459546501638
223,224,0.9555159270982645
224,225,0.9597554624688165
225,226,0.9675182252816773
226,227,0.9636509547127631
227,228,0.9651207868314242
228,229,0.9617486855144608
229,230,0.9557915314652655
230,231,0.9658852778707909
231,232,0.9634686426263929
232,233,0.9623562656873457
233,234,0.9668354511949913
